( 0 0 0 ) [Vec3(0, 0, 1), Vec3(1, 0, 1), Vec3(1, 0, 0), Vec3(0, 1, 0)]
( 0 0 1 ) [Vec3(0, 0, 0), Vec3(0, 1, 1), Vec3(1, 0, 1), Vec3(0, 1, 0), Vec3(0, 0, 2)]
( 0 0 2 ) [Vec3(0, 1, 1), Vec3(1, 0, 2), Vec3(0, 0, 1), Vec3(0, 1, 2)]
( 0 1 0 ) [Vec3(0, 0, 0), Vec3(0, 1, 1), Vec3(2, 1, 0), Vec3(2, 1, 1), Vec3(1, 0, 0), Vec3(0, 0, 1)]
( 0 1 1 ) [Vec3(1, 1, 2), Vec3(2, 1, 0), Vec3(2, 1, 1), Vec3(1, 0, 0), Vec3(1, 0, 1), Vec3(0, 1, 2), Vec3(0, 1, 0), Vec3(0, 0, 1), Vec3(0, 0, 2)]
( 0 1 2 ) [Vec3(0, 1, 1), Vec3(1, 1, 2), Vec3(2, 1, 0), Vec3(1, 0, 0), Vec3(1, 0, 1), Vec3(0, 0, 2)]
( 1 0 0 ) [Vec3(0, 0, 0), Vec3(2, 0, 0), Vec3(1, 1, 2), Vec3(0, 1, 1), Vec3(2, 1, 0), Vec3(2, 1, 1), Vec3(1, 0, 1), Vec3(0, 1, 2), Vec3(0, 1, 0)]
( 1 0 1 ) [Vec3(0, 0, 0), Vec3(1, 1, 2), Vec3(2, 0, 0), Vec3(0, 1, 1), Vec3(2, 1, 0), Vec3(2, 1, 1), Vec3(1, 0, 0), Vec3(2, 0, 2), Vec3(2, 0, 1), Vec3(0, 1, 2), Vec3(0, 0, 1), Vec3(1, 0, 2)]
( 1 0 2 ) [Vec3(1, 1, 2), Vec3(1, 0, 1), Vec3(0, 0, 2), Vec3(2, 0, 2)]
( 1 1 0 ) []
( 1 1 1 ) []
( 1 1 2 ) [Vec3(0, 1, 1), Vec3(2, 1, 1), Vec3(1, 0, 0), Vec3(2, 1, 2), Vec3(1, 0, 1), Vec3(1, 0, 2), Vec3(0, 1, 2)]
( 2 0 0 ) [Vec3(2, 1, 0), Vec3(2, 0, 1), Vec3(1, 0, 0), Vec3(1, 0, 1)]
( 2 0 1 ) [Vec3(2, 0, 0), Vec3(2, 1, 1), Vec3(2, 1, 0), Vec3(2, 0, 2), Vec3(1, 0, 1)]
( 2 0 2 ) [Vec3(2, 1, 1), Vec3(2, 0, 1), Vec3(2, 1, 2), Vec3(1, 0, 2), Vec3(1, 0, 1)]
( 2 1 0 ) [Vec3(0, 1, 1), Vec3(2, 0, 0), Vec3(2, 1, 1), Vec3(1, 0, 0), Vec3(1, 0, 1), Vec3(2, 0, 1), Vec3(0, 1, 2), Vec3(0, 1, 0)]
( 2 1 1 ) [Vec3(0, 1, 1), Vec3(1, 1, 2), Vec3(2, 1, 0), Vec3(1, 0, 0), Vec3(2, 0, 2), Vec3(1, 0, 1), Vec3(2, 0, 1), Vec3(2, 1, 2), Vec3(0, 1, 0)]
( 2 1 2 ) [Vec3(2, 1, 1), Vec3(1, 1, 2), Vec3(2, 0, 2)]
